expectation: 64770
0 64516
1 64516
2 64772
3 64772
4 64772
5 64772
6 64772
7 64772
8 64772
9 64772
10 64772
11 64772
12 64772
13 64772
14 64772
15 64772
16 64772
17 64772
18 64772
19 64772
20 64772
21 64772
22 64772
23 64772
24 64772
25 64772
26 64772
27 64772
28 64772
29 64772
30 64772
31 64772
32 64772
33 64772
34 64772
35 64772
36 64772
37 64772
38 64772
39 64772
40 64772
41 64772
42 64772
43 64772
44 64772
45 64772
46 64772
47 64772
48 64772
49 64772
50 64772
51 64772
52 64772
53 64772
54 64772
55 64772
56 64772
57 64772
58 64772
59 64772
60 64772
61 64772
62 64772
63 64772
64 64772
65 64772
66 64772
67 64772
68 64772
69 64772
70 64772
71 64772
72 64772
73 64772
74 64772
75 64772
76 64772
77 64772
78 64772
79 64772
80 64772
81 64772
82 64772
83 64772
84 64772
85 64772
86 64772
87 64772
88 64772
89 64772
90 64772
91 64772
92 64772
93 64772
94 64772
95 64772
96 64772
97 64772
98 64772
99 64772
100 64772
101 64772
102 64772
103 64772
104 64772
105 64772
106 64772
107 64772
108 64772
109 64772
110 64772
111 64772
112 64772
113 64772
114 64772
115 64772
116 64772
117 64772
118 64772
119 64772
120 64772
121 64772
122 64772
123 64772
124 64772
125 64772
126 64772
127 64772
128 64772
129 64772
130 64772
131 64772
132 64772
133 64772
134 64772
135 64772
136 64772
137 64772
138 64772
139 64772
140 64772
141 64772
142 64772
143 64772
144 64772
145 64772
146 64772
147 64772
148 64772
149 64772
150 64772
151 64772
152 64772
153 64772
154 64772
155 64772
156 64772
157 64772
158 64772
159 64772
160 64772
161 64772
162 64772
163 64772
164 64772
165 64772
166 64772
167 64772
168 64772
169 64772
170 64772
171 64772
172 64772
173 64772
174 64772
175 64772
176 64772
177 64772
178 64772
179 64772
180 64772
181 64772
182 64772
183 64772
184 64772
185 64772
186 64772
187 64772
188 64772
189 64772
190 64772
191 64772
192 64772
193 64772
194 64772
195 64772
196 64772
197 64772
198 64772
199 64772
200 64772
201 64772
202 64772
203 64772
204 64772
205 64772
206 64772
207 64772
208 64772
209 64772
210 64772
211 64772
212 64772
213 64772
214 64772
215 64772
216 64772
217 64772
218 64772
219 64772
220 64772
221 64772
222 64772
223 64772
224 64772
225 64772
226 64772
227 64772
228 64772
229 64772
230 64772
231 64772
232 64772
233 64772
234 64772
235 64772
236 64772
237 64772
238 64772
239 64772
240 64772
241 64772
242 64772
243 64772
244 64772
245 64772
246 64772
247 64772
248 64772
249 64772
250 64772
251 64772
252 64772
253 64772
254 64772
255 64772
